21
11
5
5
2
2
21
4
6
2
8
2
13
12
12
5
16
4
3
21
3
8
5
5
3
7
14
6
19
1
7
12
6
1
24
11
5
9
3
15
3
15
9
17
22
1
14
5
12
4
5
16
14
13
3
10
7
6
9
10
9
2
3
3
5
0
29
2
16
4
3
21
12
4
5
16
14
13
3
10
7
6
9
10
9
2
3
3
5
0
29
2
16
4
3
21
6
7
10
2
5
2
2
23
2
7
11
4
6
9
4
18
5
3
3
5
23
3
8
9
3
3
7
5
3
11
17
19
4
19
6
4
23
9
3
3
12
2
6
4
10
8
2
3
23
2
7
3
3
2
11
21
2
7
10
13
22
5
17
13
6
11
9
1
1
17
11
4
10
12
5
5
7
9
23
15
12
22
6
6
5
8
0
2
2
1
7
2
3
2
3
23
3
15
7
19
3
9
5
15
4
15
7
14
1
8
6
16
2
1
4
20
4
12
16
0
2
8
2
15
22
6
4
13
3
25
9
6
27
12
9
9
0
11
26
21
14
1
3
4
16
20
11
4
16
24
2
22
10
16
4
9
12
18
12
5
6
1
4
3
8
6
6
25
11
6
5
15
0
4
5
5
20
13
7
5
21
21
1
11
2
2
9
15
14
0
4
8
16
3
16
0
9
9
5
3
17
0
10
6
9
14
0
21
10
21
4
5
12
0
6
7
12
12
19
9
14
18
23
8
21
3
24
19
4
9
3
5
16
4
3
1
9
2
22
11
9
14
4
10
2
3
9
0
0
2
16
8
2
0
6
10
1
26
0
6
20
12
15
16
7
0
28
16
7
7
11
6
11
12
15
4
6
4
8
6
5
18
16
5
6
7
25
13
13
2
16
19
9
3
1
9
1
21
20
15
8
9
8
10
7
5
10
2
10
3
4
7
12
16
4
5
8
4
3
3
11
18
12
25
4
11
1
8
2
10
18
7
4
13
23
26
9
13
8
9
1
1
21
13
8
5
9
1
4
12
2
22
3
15
16
4
4
2
2
10
13
26
6
3
5
5
23
18
6
10
3
0
8
10
6
2
2
0
9
23
25
24
0
7
4
3
15
10
4
0
11
10
1
7
25
8
7
23
3
17
14
23
3
24
15
6
15
9
20
20
18
8
24
23
4
1
13
23
14
4
4
1
13
9
15
18
22
17
11
3
11
4
4
3
7
1
23
9
15
18
16
7
25
25
7
9
1
2
8
4
24
13
4
2
18
6
17
11
9
23
4
15
6
21
10
8
10
5
6
4
3
9
24
5
9
17
17
20
4
22
3
1
28
0
5
12
5
8
0
7
3
20
14
2
13
0
3
22
4
7
11
0
0
2
3
9
0
7
17
1
15
11
9
0
21
7
28
4
4
24
5
3
1
7
10
10
1
4
5
23
18
9
4
7
3
2
16
12
4
5
3
16
3
10
22
10
4
0
18
1
1
6
12
0
8
2
17
6
0
18
4
14
2
9
3
0
5
15
24
4
2
9
14
12
3
9
9
3
9
22
25
9
3
17
0
21
2
15
1
6
18
22
19
24
5
22
3
25
12
0
21
19
21
8
17
0
6
20
8
12
0
8
15
1
18
15
2
0
2
3
24
5
4
15
6
9
23
29
5
19
11
7
5
6
15
7
9
4
4
5
6
9
12
27
5
15
14
11
26
16
5
5
15
2
1
7
14
1
11
5
6
11
4
2
19
3
24
8
4
9
5
21
10
6
9
0
5
11
6
12
22
0
2
15
15
5
0
11
5
2
12
9
2
0
21
7
13
7
7
16
